3.592014 2.786732 5.386220 2.932991 35 1290
1.956922 6.367567 4.341830 3.067581 35 2201
2.694884 2.903512 1.317124 1.872754 35 2534
3.143933 4.332184 4.133594 3.479953 35 3645
2.397777 2.674032 1.120763 1.068994 35 1964
3.131431 3.190288 0.763311 2.008164 35 11190
6.653178 1.835888 4.856339 3.205200 35 1118
5.816884 1.833936 6.046001 1.470288 35 814
2.515321 4.362878 7.022855 3.127563 35 1378
4.195263 1.266473 3.569407 0.619593 35 1403
4.833516 1.571112 1.482565 1.560856 35 1703
2.969341 2.684652 0.819437 0.368585 35 14860
2.608532 7.342984 2.523651 -nan 35 8674
2.347993 2.899430 7.569063 -nan 35 2487
3.014388 7.341796 1.389818 -nan 35 40097
5.983448 1.564328 3.693384 -nan 35 508
