5.880345 3.275425 2.160261 3.553117 35
5.880345 3.275425 2.160261 3.553117 35
5.880345 3.275425 2.160261 3.553117 35
5.880345 3.275425 2.160261 3.553117 35
5.880345 3.275425 2.160261 3.553117 35
5.880345 3.275425 2.160261 3.553117 35
5.880345 3.275425 2.160261 3.553117 35
5.880345 3.275425 2.160261 3.553117 35
5.880345 3.275425 2.160261 3.553117 35
5.880345 3.275425 2.160261 3.553117 35
5.880345 3.275425 2.160261 3.553117 35
5.880345 3.275425 2.160261 3.553117 35
5.880345 3.275425 2.160261 3.553117 35
5.880345 3.275425 2.160261 3.553117 35
5.880345 3.275425 2.160261 3.553117 35
5.880345 3.275425 2.160261 3.553117 35
5.880345 3.275425 2.160261 3.553117 35
5.880345 3.275425 2.160261 3.553117 35
5.880345 3.275425 2.160261 3.553117 35
5.880345 3.275425 2.160261 3.553117 35
5.880345 3.275425 2.160261 3.553117 35
5.880345 3.275425 2.160261 3.553117 35
5.880345 3.275425 2.160261 3.553117 35
5.880345 3.275425 2.160261 3.553117 35
5.880345 3.275425 2.160261 3.553117 35
5.880345 3.275425 2.160261 3.553117 35
5.880345 3.275425 2.160261 3.553117 35
5.880345 3.275425 2.160261 3.553117 35
5.880345 3.275425 2.160261 3.553117 35
5.880345 3.275425 2.160261 3.553117 35
5.880345 3.275425 2.160261 3.553117 35
5.880345 3.275425 2.160261 3.553117 35
5.880345 3.275425 2.160261 3.553117 35
2.815153 2.275713 2.165489 0.883100 35
6.495607 4.049696 9.149563 4.122991 35
2.815153 2.275713 2.165489 0.883100 35
2.815153 2.275713 2.165489 0.883100 35
2.815153 2.275713 2.165489 0.883100 35
2.815153 2.275713 2.165489 0.883100 35
2.815153 2.275713 2.165489 0.883100 35
2.815153 2.275713 2.165489 0.883100 35
2.815153 2.275713 2.165489 0.883100 35
