3.223290 4.354366 4.639876 1.482950 35
3.223290 4.354366 4.639876 1.482950 35
3.223290 4.354366 4.639876 1.482950 35
3.223290 4.354366 4.639876 1.482950 35
3.223290 4.354366 4.639876 1.482950 35
3.223290 4.354366 4.639876 1.482950 35
3.223290 4.354366 4.639876 1.482950 35
2.889637 2.868981 4.424022 2.789919 35
2.889637 2.868981 4.424022 2.789919 35
2.889637 2.868981 4.424022 2.789919 35
2.889637 2.868981 4.424022 2.789919 35
2.889637 2.868981 4.424022 2.789919 35
0.388389 7.364142 6.282219 1.351234 35
8.932095 2.661389 2.689051 4.875595 35
0.388389 7.364142 6.282219 1.351234 35
0.388389 7.364142 6.282219 1.351234 35
0.388389 7.364142 6.282219 1.351234 35
0.388389 7.364142 6.282219 1.351234 35
0.388389 7.364142 6.282219 1.351234 35
2.889637 2.868981 4.424022 2.789919 35
2.889637 2.868981 4.424022 2.789919 35
2.889637 2.868981 4.424022 2.789919 35
2.889637 2.868981 4.424022 2.789919 35
2.889637 2.868981 4.424022 2.789919 35
2.889637 2.868981 4.424022 2.789919 35
2.889637 2.868981 4.424022 2.789919 35
2.889637 2.868981 4.424022 2.789919 35
2.889637 2.868981 4.424022 2.789919 35
2.889637 2.868981 4.424022 2.789919 35
2.889637 2.868981 4.424022 2.789919 35
